  S I0 M1 D1 I1 M2 D2 I2 M3 D3 I3 M4 D4 I4 M5 D5 I5 M6 D6 I6 M7 D7 I7 M8 D8 I8 E
S 0 0.0 1.0 0.0 0 0 0 0 0 0 0 0 0 0 0 0 0 0 0 0 0 0 0 0 0 0 0
I0 0 0.0 0.0 0.0 0 0 0 0 0 0 0 0 0 0 0 0 0 0 0 0 0 0 0 0 0 0 0
M1 0 0 0 0 0 1.0 0 0 0 0 0 0 0 0 0 0 0 0 0 0 0 0 0 0 0 0 0
D1 0 0 0 0 0 0 0 0 0 0 0 0 0 0 0 0 0 0 0 0 0 0 0 0 0 0 0
I1 0 0 0 0 0 0 0 0 0 0 0 0 0 0 0 0 0 0 0 0 0 0 0 0 0 0 0
M2 0 0 0 0 0 0 0 0 0.857 0.143 0 0 0 0 0 0 0 0 0 0 0 0 0 0 0 0 0
D2 0 0 0 0 0 0 0 0 0 0 0 0 0 0 0 0 0 0 0 0 0 0 0 0 0 0 0
I2 0 0 0 0 0 0 0 0 0 0 0 0 0 0 0 0 0 0 0 0 0 0 0 0 0 0 0
M3 0 0 0 0 0 0 0 0 0 0 0 0.833 0.167 0 0 0 0 0 0 0 0 0 0 0 0 0 0
D3 0 0 0 0 0 0 0 0 0 0 0 1.0 0 0 0 0 0 0 0 0 0 0 0 0 0 0 0
I3 0 0 0 0 0 0 0 0 0 0 0 0 0 0 0 0 0 0 0 0 0 0 0 0 0 0 0
M4 0 0 0 0 0 0 0 0 0 0 0 0 0 0.5 0.5 0 0 0 0 0 0 0 0 0 0 0 0
D4 0 0 0 0 0 0 0 0 0 0 0 0 0 1.0 0 0 0 0 0 0 0 0 0 0 0 0 0
I4 0 0 0 0 0 0 0 0 0 0 0 0 0 0 1.0 0 0 0 0 0 0 0 0 0 0 0 0
M5 0 0 0 0 0 0 0 0 0 0 0 0 0 0 0 0 0 0.714 0.286 0 0 0 0 0 0 0 0
D5 0 0 0 0 0 0 0 0 0 0 0 0 0 0 0 0 0 0 0 0 0 0 0 0 0 0 0
I5 0 0 0 0 0 0 0 0 0 0 0 0 0 0 0 0 0 0 0 0 0 0 0 0 0 0 0
M6 0 0 0 0 0 0 0 0 0 0 0 0 0 0 0 0 0 0 0 0 0.8 0.2 0 0 0 0 0
D6 0 0 0 0 0 0 0 0 0 0 0 0 0 0 0 0 0 0 0 0 1.0 0 0 0 0 0 0
I6 0 0 0 0 0 0 0 0 0 0 0 0 0 0 0 0 0 0 0 0 0 0 0 0 0 0 0
M7 0 0 0 0 0 0 0 0 0 0 0 0 0 0 0 0 0 0 0 0 0 0 0 0.667 0.333 0 0
D7 0 0 0 0 0 0 0 0 0 0 0 0 0 0 0 0 0 0 0 0 0 0 0 1.0 0 0 0
I7 0 0 0 0 0 0 0 0 0 0 0 0 0 0 0 0 0 0 0 0 0 0 0 0 0 0 0
M8 0 0 0 0 0 0 0 0 0 0 0 0 0 0 0 0 0 0 0 0 0 0 0 0 0 0 1.0
D8 0 0 0 0 0 0 0 0 0 0 0 0 0 0 0 0 0 0 0 0 0 0 0 0 0 0 1.0
I8 0 0 0 0 0 0 0 0 0 0 0 0 0 0 0 0 0 0 0 0 0 0 0 0 0 0 0
E 0 0 0 0 0 0 0 0 0 0 0 0 0 0 0 0 0 0 0 0 0 0 0 0 0 0 0
--------
  A B C D E
S 0.0 0.0 0.0 0.0 0.0
I0 0.0 0.0 0.0 0.0 0.0
M1 0.0 0.0 0.0 0.857 0.143
D1 0.0 0.0 0.0 0.0 0.0
I1 0.0 0.0 0.0 0.0 0.0
M2 0.0 0.0 0.0 0.0 1.0
D2 0.0 0.0 0.0 0.0 0.0
I2 0.0 0.0 0.0 0.0 0.0
M3 0.0 0.0 0.0 0.833 0.167
D3 0.0 0.0 0.0 0.0 0.0
I3 0.0 0.0 0.0 0.0 0.0
M4 0.667 0.333 0.0 0.0 0.0
D4 0.0 0.0 0.0 0.0 0.0
I4 0.25 0.0 0.75 0.0 0.0
M5 0.143 0.429 0.286 0.0 0.143
D5 0.0 0.0 0.0 0.0 0.0
I5 0.0 0.0 0.0 0.0 0.0
M6 0.0 0.0 0.8 0.2 0.0
D6 0.0 0.0 0.0 0.0 0.0
I6 0.0 0.0 0.0 0.0 0.0
M7 0.833 0.0 0.0 0.167 0.0
D7 0.0 0.0 0.0 0.0 0.0
I7 0.0 0.0 0.0 0.0 0.0
M8 0.0 1.0 0.0 0.0 0.0
D8 0.0 0.0 0.0 0.0 0.0
I8 0.0 0.0 0.0 0.0 0.0
E  0.0 0.0 0.0 0.0 0.0
